1	33	0	3	16	11	8
2	80	0	4	27	10	11
3	120	0	5	35	12	8
4	161	0	7	48	15	13
5	202	0	8	61	15	13
6	234	0	8	80	19	19
7	279	1	9	90	21	10
8	351	4	13	112	27	22
9	429	4	19	143	32	31
10	566	4	26	175	39	32
11	734	8	32	224	48	49
12	920	11	39	283	68	59
13	1142	16	50	362	79	79
14	1363	25	63	427	95	65
15	1597	35	78	505	119	78
16	1868	50	122	663	149	158
17	2238	67	161	818	177	155
18	2695	84	206	1006	226	188
19	3210	109	262	1282	283	276
20	3906	140	340	1545	358	263
21	4574	185	430	1756	426	211
22	5114	226	509	2011	477	255
23	5733	293	615	2476	571	465
24	6853	341	775	2921	651	445
25	7902	410	947	3378	751	457
26	8952	492	1163	3845	837	467
27	10129	560	1445	4437	926	592
28	11114	661	1648	4757	992	320
29	11860	747	1851	5028	1039	271
30	12665	826	2146	5493	1128	465
31	13789	942	2471	5842	1192	349
32	14831	1028	2763	6195	1208	353
33	15859	1108	3050	6586	1251	391
34	17080	1192	3370	6973	1278	387
35	18176	1271	3566	7182	1281	209
36	19033	1340	3753	7428	1305	246
37	19806	1415	4053	7806	1313	378
38	20895	1504	4332	8064	1315	258
39	22239	1556	4660	8303	1282	239
40	23552	1608	4919	8530	1279	227
41	24946	1682	5190	8771	1286	241
42	26001	1750	5345	8924	1251	153
43	26824	1789	5500	9093	1232	169
44	27580	1843	5625	9293	1216	200
45	28394	1889	5799	9494	1192	201
46	29508	1936	5990	9628	1167	134
47	30676	1986	6152	9765	1135	137
48	31952	2041	6333	9932	1105	167
49	32946	2071	6427	10026	1059	94
50	33569	2105	6491	10124	1029	98
51	34154	2147	6635	10258	1009	134
52	34866	2189	6785	10401	972	143
53	35837	2232	6911	10513	916	112
54	36632	2267	7038	10644	874	131
55	37293	2300	7193	10749	857	105
56	37867	2332	7263	10817	827	68
57	38246	2358	7332	10887	803	70
58	38422	2383	7407	10964	780	77
59	38815	2414	7504	11084	759	120
60	39273	2430	7585	11165	731	81
61	39779	2457	7680	11252	707	87
62	40270	2470	7781	11314	672	62
63	40581	2490	7829	11355	634	41
64	40756	2507	7847	11401	620	46
65	41040	2523	7932	11484	611	83
66	41290	2538	7973	11521	569	37
67	41591	2551	8037	11598	542	77
68	41889	2567	8104	11658	519	60
69	42215	2582	8169	11738	488	80
70	42467	2595	8211	11775	466	37
71	42619	2604	8237	11818	448	43
72	42788	2620	8302	11885	442	67
73	43006	2630	8366	11941	400	56
74	43300	2643	8428	12008	382	67
75	43484	2655	8487	12051	356	43
76	43694	2669	8543	12105	340	54
77	43851	2677	8565	12130	324	25
78	43964	2683	8577	12173	318	43
79	44067	2688	8618	12234	312	61
80	44247	2694	8665	12264	279	30
81	44541	2701	8716	12312	269	48
82	44733	2706	8734	12333	248	21
83	44928	2714	8789	12386	237	53
84	45131	2718	8818	12406	220	20
85	45281	2722	8836	12442	219	36
86	45406	2728	8870	12498	209	56
87	45579	2741	8916	12537	186	39
88	45770	2751	8956	12568	171	31
89	45976	2755	8984	12594	163	26
90	46141	2761	9021	12632	153	38
91	46311	2767	9040	12657	143	25
92	46409	2771	9050	12677	146	20
93	46508	2780	9062	12699	143	22
94	46630	2787	9084	12739	138	40
95	46816	2794	9119	12767	125	28
96	47077	2801	9151	12800	123	33
97	47299	2806	9188	12821	121	21
98	47485	2809	9201	12830	119	9
99	47619	2814	9214	12846	118	16
100	47774	2820	9245	12864	117	18
101	47916	2825	9267	12883	109	19
102	48098	2827	9283	12894	106	11
103	48303	2829	9294	12919	102	25
104	48498	2832	9319	12931	99	12
105	48629	2835	9327	12940	97	9
106	48777	2837	9334	12948	96	8
107	48906	2839	9345	12958	95	10
108	49024	2844	9361	12975	86	17
109	49161	2845	9375	12988	78	13
110	49244	2847	9389	13003	71	15
111	49345	2849	9411	13014	66	11
112	49443	2850	9420	13023	64	9
113	49500	2852	9428	13037	60	14
114	49571	2853	9441	13052	62	15
115	49646	2854	9459	13067	55	15
116	49758	2856	9465	13083	52	16
117	49841	2858	9475	13099	51	16
118	49909	2861	9494	13108	47	9
119	49990	2863	9500	13111	42	3
120	50058	2864	9503	13122	38	11
121	50108	2866	9523	13137	38	15
122	50165	2866	9536	13145	37	8
123	50239	2869	9545	13153	33	8
124	50314	2871	9551	13160	35	7
125	50373	2871	9563	13172	32	12
126	50450	2872	9567	13175	33	3
127	50493	2872	9570	13185	31	10
128	50534	2873	9573	13192	30	7
129	50583	2874	9581	13200	28	8
130	50640	2876	9586	13210	25	10
131	50702	2876	9589	13223	25	13
132	50800	2876	9601	13235	26	12
133	50874	2879	9603	13239	24	4
134	50962	2880	9605	13246	25	7
135	51063	2882	9612	13255	23	9
136	51158	2883	9623	13267	20	12
137	51308	2886	9632	13273	20	6
138	51442	2887	9640	13283	19	10
139	51604	2887	9650	13292	19	9
140	51738	2887	9655	13305	18	13
141	51891	2888	9659	13315	19	10
142	52070	2890	9667	13325	18	10
143	52237	2890	9682	13338	22	13
144	52377	2891	9690	13342	22	4
145	52594	2891	9700	13359	20	17
146	52782	2892	9711	13369	20	10
147	52975	2892	9713	13382	17	13
148	53176	2892	9715	13387	17	5
149	53378	2893	9723	13397	21	10
150	53613	2894	9733	13409	20	12
151	53959	2895	9743	13414	19	5
152	54302	2895	9752	13432	21	18
153	54854	2897	9759	13443	24	11
154	55218	2897	9763	13453	25	10
155	55554	2897	9769	13464	26	11
156	56025	2898	9780	13483	29	19
157	56514	2901	9793	13496	31	13
158	57182	2901	9805	13506	30	10
159	57721	2902	9813	13519	32	13
160	58282	2903	9825	13534	32	15
161	58910	2903	9832	13552	32	18
162	59480	2907	9838	13572	37	20
163	60008	2908	9846	13592	36	20
164	60688	2909	9857	13624	39	32
165	61290	2910	9876	13642	39	18
166	61973	2911	9890	13667	36	25
167	62563	2913	9909	13683	41	16
168	63108	2916	9919	13701	39	18
169	63542	2917	9926	13722	40	21
170	63975	2919	9945	13749	49	27
171	64538	2919	9960	13762	44	13
172	65114	2921	9972	13780	43	18
173	65617	2927	9996	13805	44	25
174	66133	2929	10026	13832	48	27
175	66630	2929	10037	13846	44	14
176	67155	2930	10046	13860	47	14
177	67592	2932	10060	13875	47	15
178	68122	2935	10082	13898	42	23
179	68591	2937	10100	13915	40	17
180	69120	2937	10109	13925	40	10
181	69672	2941	10129	13939	37	14
182	70190	2942	10139	13944	37	5
183	70731	2944	10142	13954	42	10
184	71299	2947	10154	13974	41	20
185	71920	2948	10171	13992	37	18
186	72543	2949	10188	14018	34	26
187	73258	2950	10200	14030	36	12
188	74038	2951	10220	14050	40	20
189	74849	2951	10226	14067	37	17
190	75690	2952	10235	14097	41	30
191	76723	2952	10247	14129	41	32
192	77831	2953	10269	14157	42	28
193	78846	2955	10291	14194	41	37
194	79974	2959	10313	14216	44	22
195	81191	2960	10331	14263	49	47
196	82457	2961	10343	14287	53	24
197	83726	2961	10358	14315	55	28
198	85191	2966	10381	14366	64	51
199	86922	2968	10413	14408	69	42
200	88708	2971	10450	14466	64	58
201	90793	2975	10480	14533	65	67
202	92732	2975	10518	14597	66	64
203	94694	2976	10537	14653	76	56
204	96684	2980	10556	14715	87	62
