day,test,dead,rec,hoscum,icu,hosact
       1,      33,      17,       3,      16,      11,       7
       2,      80,      20,       4,      26,      10,      10
       3,     120,      23,       5,      32,      12,       6
       4,     161,      26,       7,      42,      15,      10
       5,     202,      29,       8,      51,      15,       9
       6,     234,      32,       8,      64,      18,      13
       7,     279,      36,       9,      72,      20,       8
       8,     351,      44,      13,      90,      26,      18
       9,     429,      55,      19,     113,      30,      23
      10,     566,      62,      26,     135,      36,      22
      11,     734,      72,      29,     177,      45,      42
      12,     921,      87,      36,     229,      67,      52
      13,    1143,     109,      45,     291,      78,      62
      14,    1365,     122,      54,     344,      94,      53
      15,    1599,     144,      65,     409,     118,      65
      16,    1870,     183,     102,     544,     146,     135
      17,    2242,     225,     133,     675,     174,     131
      18,    2702,     283,     167,     836,     224,     161
      19,    3218,     347,     214,    1059,     281,     223
      20,    3915,     402,     282,    1278,     356,     219
      21,    4585,     462,     359,    1461,     426,     183
      22,    5127,     522,     429,    1687,     479,     226
      23,    5747,     617,     529,    2086,     570,     399
      24,    6872,     690,     675,    2482,     651,     396
      25,    7923,     765,     819,    2913,     750,     431
      26,    8976,     859,    1013,    3345,     836,     432
      27,   10155,     959,    1259,    3893,     922,     548
      28,   11146,    1015,    1444,    4195,     989,     302
      29,   11894,    1096,    1636,    4436,    1039,     241
      30,   12703,    1167,    1909,    4825,    1128,     389
      31,   13833,    1258,    2220,    5137,    1191,     312
      32,   14876,    1319,    2490,    5444,    1208,     307
      33,   15909,    1387,    2749,    5777,    1252,     333
      34,   17136,    1468,    3048,    6105,    1280,     328
      35,   18236,    1513,    3229,    6292,    1282,     187
      36,   19095,    1571,    3402,    6502,    1303,     210
      37,   19869,    1630,    3677,    6824,    1311,     322
      38,   20959,    1701,    3938,    7058,    1312,     234
      39,   22308,    1749,    4236,    7270,    1283,     212
      40,   23626,    1797,    4475,    7464,    1280,     194
      41,   25025,    1849,    4732,    7684,    1285,     220
      42,   26083,    1882,    4874,    7828,    1251,     144
      43,   26910,    1920,    5017,    7975,    1233,     147
      44,   27668,    1974,    5134,    8152,    1220,     177
      45,   28487,    2006,    5290,    8328,    1193,     176
      46,   29603,    2042,    5469,    8447,    1168,     119
      47,   30777,    2082,    5616,    8572,    1136,     125
      48,   32056,    2116,    5790,    8724,    1106,     152
      49,   33053,    2146,    5875,    8809,    1059,      85
      50,   33679,    2176,    5934,    8893,    1029,      84
      51,   34270,    2208,    6068,    9012,    1009,     119
      52,   34983,    2245,    6220,    9146,     973,     134
      53,   35958,    2274,    6343,    9249,     917,     103
      54,   36757,    2308,    6456,    9370,     876,     121
      55,   37421,    2329,    6608,    9476,     859,     106
      56,   37995,    2347,    6675,    9535,     829,      59
      57,   38374,    2368,    6740,    9597,     806,      62
      58,   38549,    2390,    6816,    9671,     783,      74
      59,   38943,    2405,    6926,    9784,     761,     113
      60,   39403,    2416,    7006,    9861,     733,      77
      61,   39908,    2442,    7101,    9942,     708,      81
      62,   40401,    2450,    7202,   10007,     673,      65
      63,   40716,    2466,    7246,   10047,     633,      40
      64,   40891,    2478,    7267,   10092,     620,      45
      65,   41175,    2491,    7357,   10170,     611,      78
      66,   41426,    2501,    7400,   10206,     569,      36
      67,   41729,    2519,    7465,   10275,     542,      69
      68,   42028,    2532,    7536,   10333,     521,      58
      69,   42356,    2549,    7611,   10408,     489,      75
      70,   42607,    2559,    7653,   10445,     467,      37
      71,   42760,    2566,    7678,   10486,     450,      41
      72,   42929,    2579,    7744,   10552,     444,      66
      73,   43147,    2585,    7817,   10603,     403,      51
      74,   43445,    2596,    7877,   10661,     385,      58
      75,   43630,    2607,    7939,   10703,     362,      42
      76,   43840,    2618,    8002,   10759,     345,      56
      77,   43998,    2626,    8022,   10780,     330,      21
      78,   44107,    2632,    8033,   10821,     324,      41
      79,   44211,    2636,    8075,   10877,     318,      56
      80,   44391,    2641,    8121,   10901,     285,      24
      81,   44686,    2649,    8176,   10945,     274,      44
      82,   44880,    2653,    8193,   10966,     253,      21
      83,   45075,    2660,    8247,   11011,     240,      45
      84,   45280,    2663,    8279,   11029,     224,      18
      85,   45431,    2668,    8296,   11060,     224,      31
      86,   45555,    2675,    8330,   11110,     214,      50
      87,   45729,    2680,    8373,   11147,     191,      37
      88,   45919,    2688,    8415,   11179,     176,      32
      89,   46127,    2692,    8447,   11204,     168,      25
      90,   46291,    2695,    8481,   11239,     158,      35
      91,   46461,    2697,    8499,   11264,     148,      25
      92,   46559,    2699,    8508,   11278,     149,      14
      93,   46660,    2704,    8519,   11296,     146,      18
      94,   46782,    2711,    8546,   11327,     143,      31
      95,   46969,    2716,    8577,   11352,     131,      25
      96,   47231,    2720,    8610,   11383,     127,      31
      97,   47455,    2722,    8650,   11403,     124,      20
      98,   47643,    2727,    8665,   11412,     124,       9
      99,   47777,    2728,    8679,   11422,     123,      10
     100,   47934,    2729,    8707,   11436,     122,      14
     101,   48076,    2732,    8731,   11455,     114,      19
     102,   48258,    2733,    8746,   11465,     113,      10
     103,   48465,    2735,    8760,   11490,     109,      25
     104,   48661,    2737,    8788,   11499,     106,       9
     105,   48793,    2738,    8793,   11508,     104,       9
     106,   48940,    2741,    8799,   11515,     103,       7
     107,   49070,    2742,    8815,   11523,     101,       8
     108,   49190,    2744,    8834,   11535,      91,      12
     109,   49326,    2745,    8846,   11545,      84,      10
     110,   49410,    2747,    8858,   11561,      77,      16
     111,   49513,    2749,    8881,   11576,      71,      15
     112,   49611,    2751,    8889,   11584,      69,       8
     113,   49667,    2752,    8896,   11599,      65,      15
     114,   49738,    2753,    8911,   11612,      68,      13
     115,   49815,    2756,    8930,   11630,      61,      18
     116,   49926,    2760,    8939,   11644,      57,      14
     117,   50008,    2762,    8947,   11658,      53,      14
     118,   50077,    2764,    8970,   11667,      49,       9
     119,   50157,    2765,    8975,   11669,      45,       2
     120,   50225,    2766,    8978,   11682,      41,      13
     121,   50274,    2766,    8996,   11697,      41,      15
     122,   50332,    2766,    9009,   11706,      41,       9
     123,   50406,    2767,    9019,   11714,      37,       8
     124,   50481,    2768,    9028,   11721,      38,       7
     125,   50540,    2768,    9037,   11731,      35,      10
     126,   50618,    2768,    9042,   11733,      37,       2
     127,   50659,    2768,    9044,   11743,      35,      10
     128,   50689,    2769,    9048,   11759,      34,      16
